,counts,dishes_name,sales_hot
82,323,白饭/大碗,1.0
20,269,凉拌菠菜,0.83
113,239,谷稻小庄,0.74
140,216,麻辣小龙虾,0.67
98,188,芝士烩波士顿龙虾,0.58
120,189,辣炒鱿鱼,0.58
83,186,白饭/小碗,0.57
11,187,五色糯米饭(七色),0.57
136,178,香酥两吃大虾,0.55
63,173,焖猪手,0.53
53,162,水煮鱼,0.5
106,151,蒙古烤羊腿,0.46
97,136,自制猪肉脯,0.42
94,134,美妙绝伦之白莲花,0.41
112,135,西瓜胡萝卜沙拉,0.41
36,131,孜然羊排,0.4
23,129,剁椒鱼头,0.39
66,122,爆炒猪肝,0.37
22,118,凉拌蒜蓉西兰花,0.36
60,117,清蒸海鱼,0.36
131,117,香烤牛排,0.36
76,111,番茄炖牛腩,0.34
101,112,芹菜炒腰花,0.34
45,112,意文柠檬汁,0.34
111,110,蛋挞,0.33
81,105,白胡椒胡萝卜羊肉汤,0.32
54,106,油焖麻辣虾,0.32
35,105,姜葱炒花蟹,0.32
62,107,炝炒大白菜,0.32
109,102,蒜香辣花甲,0.31
133,100,香菇鹌鹑蛋,0.3
65,98,爆炒双丝,0.3
89,99,糖醋蕃茄溜青花,0.3
114,98,豌豆薯仔猪骨汤,0.3
52,95,桂圆肉红豆八宝饭,0.29
75,94,番茄有机花菜,0.28
17,91,冰糖红豆薏米粥,0.28
73,91,独家薄荷鲜虾牛肉卷,0.28
135,86,香辣腐乳炒虾,0.26
34,85,大蒜苋菜,0.26
47,85,拌土豆丝,0.26
78,80,番茄甘蓝,0.24
61,79,清蒸蝶鱼,0.24
59,76,清爽拌凉面,0.23
125,76,金玉良缘,0.23
80,72,白斩鸡,0.22
39,72,小米南瓜粥,0.22
87,72,皮蛋瘦肉粥,0.22
123,74,酸辣藕丁,0.22
31,75,培根紫菜卷,0.22
40,69,山药养生粥,0.21
13,70,倒立蒸梭子蟹,0.21
21,70,凉拌萝卜丝,0.21
134,68,香辣爆羊肝,0.2
29,66,啤酒鸭,0.2
92,66,红酒炖羊肉,0.2
32,66,培根花菜,0.2
105,67,葱油凉拌藕片,0.2
68,63,爆炒鸡翅,0.19
64,63,照烧鸡腿,0.19
15,63,农夫山泉NFC果汁100%橙汁,0.19
77,64,番茄炖秋葵,0.19
24,64,北冰洋汽水,0.19
41,63,干锅田鸡,0.19
96,61,肉丁茄子,0.18
51,59,桂圆枸杞鸽子汤,0.18
88,59,盘蟹蒸蛋,0.18
143,62,黄花菜炒木耳,0.18
99,56,芝麻烤紫菜,0.17
86,58,百里香奶油烤红酒牛肉,0.17
144,57,黑米恋上葡萄,0.17
48,56,木须豌豆,0.17
58,58,清炒菊花菜,0.17
25,58,南瓜枸杞小饼干,0.17
121,55,避风塘炒蟹,0.16
141,52,黄尾袋鼠西拉子红葡萄酒,0.15
104,52,葱姜炒蟹,0.15
12,50,五香酱驴肉,0.15
70,50,牛尾汤,0.15
90,50,紫薯面包卷,0.15
107,48,蒜蓉生蚝,0.14
5,48,一品香酥藕,0.14
91,49,红酒土豆烧鸭腿,0.14
128,48,露露无糖杏仁露,0.14
118,49,辣炒田螺,0.14
46,44,打卤面,0.13
43,45,张裕葡萄酒张裕赤霞珠干红,0.13
108,44,蒜香包,0.13
132,46,香菇鸡肉粥,0.13
116,46,路易拉菲红酒干红,0.13
79,42,番茄蛋汤,0.12
103,43,葡萄奶酥(超酥香的饼干),0.12
137,40,鱼香肉丝拌面,0.12
26,43,南瓜芝士包,0.12
14,41,党参黄芪炖牛尾,0.12
56,43,泡椒凤爪,0.12
9,41,五彩藕苗,0.12
100,40,花蛤蒸蛋,0.12
130,41,青炒扁豆,0.12
49,37,杭椒鸡珍,0.11
117,39,辣炒海带丝,0.11
93,39,纸杯蛋糕,0.11
33,39,大理石奶油蛋糕,0.11
55,37,法国波尔多AOC干红葡萄酒原,0.11
119,36,辣炒花蛤,0.1
8,36,不加一滴油的酸奶蛋糕,0.1
4,36,53度茅台,0.1
50,32,核桃葡萄干土司,0.09
95,33,老式面包,0.09
38,32,小炒羊腰,0.09
129,33,青岛啤酒罐装,0.09
115,27,超人气广式肠粉,0.08
124,29,重庆特色油烧兔,0.08
110,27,蓝带啤酒罐装,0.08
10,29,五彩豆,0.08
122,27,酸辣汤面,0.08
28,29,哈尔滨啤酒罐装,0.08
142,25,黄油曲奇饼干,0.07
0,24,38度剑南春,0.07
71,26,牛肉鸡蛋肠粉,0.07
57,26,海带结豆腐汤,0.07
7,22,三色凉拌手撕兔,0.06
84,21,百威啤酒罐装,0.06
74,23,玉竹南北杏鸭腿汤,0.06
2,21,50度古井贡酒,0.06
3,22,52度泸州老窖,0.06
67,23,爆炒鳝碌,0.06
138,21,鲜美鳝鱼,0.06
42,20,广式虾仁肠粉,0.05
27,19,咖啡奶香面包,0.05
30,19,土豆西红柿汤面,0.05
102,18,芹黄鳝丝,0.05
44,19,快炒黄鳝,0.05
16,20,冬瓜炒苦瓜,0.05
69,18,牛奶卷,0.05
19,18,凉拌海带豆芽紫菜,0.05
37,17,宝宝版牛肉肠粉,0.04
18,17,冰镇花螺,0.04
127,17,长城窖酿解百纳红酒干红葡萄酒,0.04
1,17,42度海之蓝,0.04
139,12,鸡蛋、肉末肠粉,0.03
72,13,特醇嘉士伯啤酒罐装,0.03
6,10,三丝鳝鱼,0.02
85,5,百里香奶油烤紅酒牛肉,0.01
126,3,铁板牛肉,0.0
